30.436544789127765
76.36037971631836
56.41327780929319
75.18546775721603
-93.4602796332034
-59.35344502869051
47.89624121457763
11.23772430093888
-5.372940062384231
-72.74035034467046
9.685898163283028
-9.616214900440838
-77.28545478205548
36.22480333984933
83.6306839792467
90.79039157932053
18.10845362731584
-10.11252256079429
-69.23745039619888
47.12608910961137
-10.310891679686108
56.58383554983132
50.39492604497181
-15.891294815500643
69.50570898273438
-61.59717806680791
-96.4456423773169
99.32827289369388
-26.692453853232934
-75.68443829137021
40.31247879588224
-59.531390098311256
-66.4179177437666
74.20550696249751
-22.344703017551893
64.43370409777401
-91.13418004516004
-30.159364702845906
-22.152960676050526
-85.48219597095255
79.53914888499213
-54.413293903117044
-63.18381857083051
-93.35905467466259
-96.98839325713311
94.66853605199239
-92.08848104134634
-23.195531798363888
-79.85059486750197
-63.95607016479789
-41.55347521266084
9.303848096520156
-20.007645105877515
22.462803885638323
84.77051698500566
38.86903250664528
-18.74742260235965
-27.958162760663868
-3.824555667486024
99.78526137287923
16.78275382213073
13.692738816191579
-81.23250424513817
81.18014133041589
-48.852984463045715
-48.9998796937823
-32.49707588602875
-59.95439762229742
-38.37720981068995
69.65273957183419
87.90792308222211
-77.80386890509207
29.40731483250886
-59.710361413876555
78.57263445513578
46.24753520658592
-19.50222140709623
-98.3693937277135
-28.670381244060763
16.83323843866698
44.65947291552905
48.018146213244705
68.09762381388907
-49.34197865054517
26.091460314210323
-8.994027598036396
11.691548708788503
22.62179588541582
60.84481121486337
-83.61318879154194
2.470041977620781
-30.871019831821613
-26.256452405750082
-83.93978617122144
63.51232900829896
-78.16832721154412
41.50392700725283
38.39876640229306
-95.9137609126615
87.43780705967578
