980102
748035
666406
699847
634411
465002
589227
78829
126986
219371
237272
375403
666986
279472
471685
266013
647823
286191
461334
204920
769508
101796
31793
71635
784755
505200
806218
292556
699408
33998
404249
869592
528278
784302
627565
166123
893577
864752
186331
804480
704539
283518
200526
274886
143306
669894
358402
513639
487846
577619
529100
220981
877552
279559
250961
28339
131806
414839
946647
125182
941180
309283
791992
589847
215788
517200
556594
597581
46670
576644
615900
431435
694330
869278
713844
425532
945002
892623
173139
63638
859701
200505
164353
736778
605878
247330
911525
916231
500299
979349
18901
318885
556921
567893
878348
49269
999597
871999
378617
604962
546206
985659
608628
923011
703310
771038
846411
883649
217134
868960
39355
102048
304033
386037
501370
74603
687897
300553
87025
680704
149598
851485
612872
845109
764781
86585
108569
900070
82621
305869
193478
32029
746780
738792
50790
12572
600696
261012
112730
983689
640954
590092
71294
22263
49101
821914
788731
691213
599485
712593
333626
286549
306938
411556
132787
274723
185147
663202
201955
622495
636671
854031
84572
900402
434286
97760
878006
199817
297631
6354
892899
796169
219699
419303
485281
932047
536030
148286
144392
465954
97478
985166
26243
925432
290691
641215
414171
795234
78919
421604
472303
877268
794391
154649
222912
832725
96567
715382
67177
634175
231268
724077
328876
12276
823035
576902
917606
643165
182071
656179
124069
690976
370520
262546
180112
850590
594526
220416
138628
656421
698996
23060
160448
956857
390378
645247
171766
754490
37083
897598
428802
176178
582574
701113
13366
611453
781047
837116
821652
598037
247613
289999
550421
858170
773015
265843
460006
645946
386863
295036
461234
688098
594920
607686
684250
684929
69404
515861
486530
492437
713662
870925
497477
666069
682207
699338
638344
857562
367692
825949
457132
599147
424852
532388
835421
664548
367654
940101
544071
867713
225945
984007
952105
82764
128838
109644
998786
930977
692880
88431
900711
364187
273092
19190
157366
435805
829979
660340
567013
561663
333788
629118
573044
606290
79262
782471
47169
879762
403884
137819
806138
505959
255617
655220
397740
250392
526386
818749
357626
573133
948907
600096
356202
951870
990673
158414
431258
544638
73479
631627
299984
320542
715020
386482
650030
303871
630978
361741
240964
268536
539530
15305
254528
302304
198474
679321
654912
519864
393616
799466
635272
559800
325968
929086
136015
481460
291145
813672
455540
774443
465670
786914
283150
825644
303937
778318
320097
670630
687074
980616
861868
22410
743653
883684
403807
403935
698905
762953
76905
945250
30468
7273
83376
582999
871972
593692
808602
837040
256336
305176
618760
217817
863421
471631
224227
245854
913309
498085
378446
901178
215650
701837
247995
697341
713633
354495
755865
357400
594321
80023
475947
344264
595826
909581
229876
556189
833290
308301
823695
729830
681482
130675
984219
822139
172304
375205
234643
229735
205382
584332
841851
780912
52583
946287
656246
78852
71586
5358
344757
20481
921815
982425
527178
925216
3710
91435
15706
900031
333863
263462
403377
469451
520156
542604
712624
879239
517858
793975
898337
818107
279774
739094
860779
510843
901013
610116
970529
265618
558668
144006
825460
748428
434766
123233
290569
309661
801868
562006
237925
181681
679582
995708
986565
373585
74088
323448
448651
503727
510296
890074
780370
237710
23499
472727
965474
305936
696207
544415
383359
484381
492355
739547
659100
981934
854875
544901
756141
529075
683392
980451
714074
398503
670036
432353
615887
845294
408083
435722
27696
122343
435669
171747
731626
310868
605168
849700
165797
541475
397754
629843
890773
574233
770667
452095
776688
593114
986977
728983
376314
900887
595198
484453
687548
164372
437420
75114
877971
990613
91585
706646
211940
370212
376957
453284
796845
942466
116848
479056
999479
771048
212537
959094
48040
12920
590313
247881
404724
247685
798213
61804
621556
911227
283306
118000
19599
638509
390923
842347
106260
969209
616279
485553
426474
30810
941494
454642
787934
222922
556337
589488
885084
161746
277745
836314
669497
801839
228127
694474
885677
394339
745515
359768
137630
9749
114856
149273
40599
775141
106517
17400
300759
918033
173047
335982
714054
833789
303841
913377
427907
379554
858966
349079
907032
251926
192901
564245
338255
474803
503730
325144
78558
401127
2038
228847
344381
378456
820573
216691
220633
250289
354925
371940
310305
509902
654022
118754
853437
492736
953125
401669
323614
703677
237122
884121
356272
322407
495578
982905
696492
63607
436295
585222
819787
639174
546378
32773
152469
547192
866795
717907
146519
872901
140407
9861
84595
666853
334121
240544
827154
757400
174051
590257
960052
580815
700123
379083
866535
410362
84243
246939
676438
572911
386304
945705
415097
393268
52620
80941
88938
146665
427831
543308
572888
574997
263256
157230
384980
392075
6594
613564
93129
32888
232386
217467
843592
529356
234628
424704
626369
518403
35733
936271
479247
510031
973187
180628
322538
621668
323040
137597
89792
377311
438822
568818
877789
369812
958516
352690
466886
691186
183606
460619
114534
882517
810468
54198
379360
825961
681761
578060
252163
15413
337155
438121
43611
825931
608754
615452
153956
59147
710953
503560
734106
66639
85402
976858
723180
921654
574766
551206
155598
226576
169066
765857
399150
483171
761645
992245
348478
237528
438294
7237
835056
552709
594178
498813
582400
943832
126642
153684
482027
201948
896908
321121
47037
638635
119160
434711
923720
534705
263723
46495
959088
962968
425408
505488
895076
709589
918530
193998
537703
856271
141958
864316
968972
400871
6581
210463
288896
264424
60264
725456
514817
54221
40556
196765
744365
57193
28133
421182
69493
884343
808014
953967
188656
611454
34654
622318
510412
974945
769222
881811
583391
812417
344343
873799
50651
105679
516417
585698
176480
176945
598519
96101
59564
919888
605998
916241
693102
34428
902275
90530
4216
69309
296252
865195
953106
32055
682342
165775
244010
216696
899934
639705
353386
351650
37100
518521
109858
662832
608970
599964
277220
63206
124610
96678
706799
210713
438901
444751
682819
23704
801144
186583
861139
340982
648856
128295
95321
402037
153982
855622
636419
318609
429486
871092
641355
626662
714793
924647
846180
593534
253619
338207
751888
840187
948975
534632
499919
12381
706406
84908
380337
797681
783846
428722
536205
767959
860359
783479
296714
891822
739913
164007
799194
449118
569945
187064
333639
984257
905522
24036
646949
826287
46560
961985
326183
946532
141664
173566
210638
634064
154212
854396
725948
712956
924851
660614
784295
94100
59756
673583
346089
655701
381610
788487
182644
384915
982915
179641
404898
352103
41963
703108
877162
643061
526134
9876
507567
482070
9787
7612
99890
785190
324564
119507
480296
755947
508417
758248
105575
368352
385452
209763
190841
232030
46535
290553
20051
430758
261969
413003
451680
571981
381944
843548
248630
366276
690009
936557
193706
111363
190755
310583
448127
350162
993305
350276
598329
209972
659830
398827
902096
996976
612842
632294
701632
709181
426179
510673
444925
128265
792487
799682
440324
610662
400253
349503
232205
659218
554156
370720
126941
734753
37755
208642
244023
339337
600536
680549
852018
587210
187956
621667
810022
854968
178251
220878
23168
529894
280897
246948
284725
593649
704936
325553
992787
422950
484703
1218
196403
50897
44500
644353
707659
407075
810345
60466
420576
209022
482100
138697
763800
83745
446369
119141
916589
950699
791987
771117
416446
865165
722407
95814
109376
709841
721913
127086
599377
241409
783296
876920
687213
492597
930356
302500
71929
572925
418896
33882
249597
684775
898450
487043
854191
44781
274976
450437
21866
149758
676677
569561
974526
142887
110360
556362
341793
431198
967805
302923
107778
165419
322949
568437
107262
269684
57841
459229
77100
967843
974164
882447
571027
175733
995158
993577
36603
240354
927508
436309
367008
288485
165797
282084
378819
695079
239416
525636
172252
877196
901145
208542
237098
111513
181202
899662
412266
330623
76014
944768
100710
254281
145433
787683
893220
790367
175267
197901
489855
118517
857507
25707
472724
124691
574648
111907
110675
592577
918379
214152
116533
120462
529712
452537
917260
964925
642059
53207
461558
102093
44752
782496
231019
617828
618115
688685
680886
525015
625309
478660
128833
647000
163120
179867
215304
932797
915170
485418
572656
49257
94549
648619
247088
214745
330087
761521
71661
157837
626837
618146
934948
557776
986298
162771
721793
836582
647350
488062
579404
406674
449385
360482
389315
870721
988511
424504
274498
550614
752390
73037
279583
915603
919194
692993
67986
949921
933601
775578
355985
997884
305362
595013
67195
387709
834897
688107
322346
343493
358229
647148
441259
939395
956907
458875
454346
90467
780307
354070
688134
70548
682696
207072
410211
487091
38110
395100
710047
330585
484035
516104
111356
456062
498535
289172
589052
937672
846456
271806
2667
827252
43910
494027
27222
857759
976646
164643
984089
855538
206322
255050
745878
400680
626701
732727
395970
205694
594373
498771
122585
232630
761713
816911
502578
475975
97721
612386
911085
85604
340884
438750
422984
858855
726700
84334
673169
380186
808095
548014
418038
544866
92831
230375
120568
84745
456505
190693
968446
159846
488883
379639
199814
881515
593806
9475
288950
971403
406314
952643
219728
182406
2569
312352
314756
507666
782443
356649
180704
89448
329945
969584
297059
278440
507774
861121
691503
442921
888495
465600
629468
157409
268
401182
289385
926766
383870
571448
714765
345215
432736
255948
365164
570017
448122
389208
704229
852330
213416
95377
124360
927484
680473
910973
59685
253686
411571
532845
187071
455165
645140
798747
128992
949922
629876
923356
119238
436273
992998
316737
614139
984021
687357
225424
341314
941867
868619
98010
883885
775521
115333
802681
219084
752010
480578
930536
989056
641090
773986
201087
2989
416313
45835
168585
430989
480797
77199
116995
368226
323304
740202
359540
635523
535811
865447
797796
779672
215190
906401
178874
906337
391917
178407
25077
365936
7432
792249
969607
986935
323007
938479
756105
356220
948176
154169
133599
39977
30087
702017
947178
811647
824136
205357
456419
615147
967100
1344
737178
231473
598550
155424
683404
211653
309057
964274
843802
176312
22952
554273
234732
210959
609953
419902
924897
581808
299767
452354
10225
462710
605202
567918
445986
790436
441093
831251
540580
102837
984820
123118
859081
398289
432864
445227
925987
260764
234001
667914
467004
10857
875935
269727
914092
793676
963612
335219
707035
347149
291937
719240
996820
448761
842676
423482
186945
804306
256339
33857
346761
618534
303135
214931
84291
700029
965992
552231
604885
916780
85841
655443
953005
176774
366112
621654
437211
522930
952037
496498
962250
329304
262723
624818
632666
882613
286688
683082
114267
683279
390949
791579
548455
446722
595122
359765
508508
209592
64354
890871
227380
734263
650229
585010
2692
156180
104096
889579
150606
767557
505902
358944
401026
973268
75345
789922
752088
454640
433353
992512
377539
759262
802032
324484
83858
612492
452895
91735
203752
473990
374465
115711
221078
480066
256114
590985
464722
862037
161683
294210
536727
521032
178029
762015
792344
745990
159615
464316
708193
499948
733542
761537
201101
805315
610663
88993
928734
108106
967196
379708
264444
185771
192569
572581
512781
176592
929083
763837
844461
957839
352812
110270
168970
533825
769365
656404
25375
275120
132352
120933
575371
99758
41320
732210
177101
7682
382335
378901
90719
170366
380828
467690
905388
257260
111232
758794
146350
245799
17859
627891
976680
819333
174432
707523
471613
883826
605401
911523
904684
147032
771336
315649
268585
834298
341060
63157
691353
901728
938220
823621
115945
710381
681683
215684
418890
294156
177800
148757
851789
306441
911872
365709
865496
880124
632739
941686
117699
86431
368368
657904
962898
73217
313549
299699
510606
863636
338415
351535
609346
693472
504482
976404
653583
23066
465845
297326
52973
308431
764422
930535
784126
424891
199270
73072
557264
299191
990952
375419
551984
838926
874187
357280
712549
617840
525185
995743
134288
561919
42523
850821
676830
479623
555924
250727
179879
936459
223927
545163
846822
26810
727917
754983
50005
117313
817895
244225
82597
397818
755300
849205
929815
591937
307103
694997
78906
424487
546905
693866
461697
544960
179390
913689
762304
16727
899575
463009
263747
855234
733963
956481
903691
307728
921458
265015
83942
354462
810232
836770
274730
902089
164299
947721
566606
918717
784609
847284
788324
873260
961800
627576
920183
734875
400267
826961
683261
839766
903550
239847
893753
760388
41063
10291
39280
702933
806793
637435
648773
637975
456846
534137
329971
52904
367184
299738
221479
646086
59908
54498
970296
851523
834819
204332
604484
883476
550134
257167
456104
799048
580318
580637
961115
521365
961854
546757
449320
127565
222053
68440
300230
275505
13788
71336
309909
488860
974824
773517
538679
717792
940220
438401
551497
954990
295038
763243
722941
1902
633076
22777
580757
593711
298891
637542
222334
197048
241092
957787
170887
158525
348219
42738
377596
80173
377557
274645
163
414888
659526
407621
159634
433998
908029
354359
477995
122611
605740
889176
22454
314415
255991
705969
748953
756241
253304
298022
966902
649203
651309
521817
79265
474024
831167
709868
523901
366994
321328
197283
129138
125521
283936
917095
156300
390486
392763
791334
245811
930709
973570
639576
934019
151129
481781
911197
685320
986417
109082
435650
131927
726536
326381
468003
325707
339666
971556
495082
313947
824547
756830
838197
8725
362970
660583
804246
553401
728570
761770
372212
743284
706457
2100
72974
860536
332208
415585
330592
281332
452627
536805
414430
154549
114044
456377
700957
114521
399232
750175
850129
666603
683619
854932
702129
855136
349959
4050
44791
139245
633791
59839
950979
336387
300609
146101
10335
87080
7354
429423
586973
894771
606140
178380
843165
787620
302035
249027
803947
404702
283061
855716
107781
593858
310167
839047
197498
276968
337244
752147
444013
947196
694376
788141
228473
363955
744979
359290
679855
317097
404986
956371
367354
7449
831919
180293
550628
555064
318544
834241
637233
728878
717365
31654
607081
217778
997123
251689
457331
279872
760477
792287
568285
993018
926715
78887
964984
326809
438354
932087
45536
478222
716595
439489
686874
48441
546992
675905
778070
719556
516024
788070
731219
126110
902084
811098
471394
411664
311338
599536
612482
471165
362703
540522
797546
617466
693306
393059
342246
388680
347971
817183
51929
474154
178218
432045
155809
412071
815236
605815
108887
504350
506959
214182
856501
290113
775207
348724
493651
3440
508562
216911
291658
330098
507957
745895
371385
633810
287722
32085
275110
799956
739433
563367
552636
271570
450594
819788
729842
837624
311597
781593
164685
663896
317273
412085
225212
511211
741857
379047
256161
890661
568957
893306
220911
129012
944148
794635
334062
727764
412046
205295
421659
502417
275016
122691
605933
998491
98337
194513
947059
918399
704625
189467
973081
890376
721370
4744
549130
990321
577270
918952
873967
234117
366064
235686
984533
952853
724334
288713
695148
884374
288620
493094
175723
558677
287588
945766
35921
828631
916841
735216
811719
423441
650068
373875
134626
52672
566037
398225
49220
790054
507115
63851
423714
791971
809134
343877
401760
787820
511881
993430
38167
198122
762374
767791
743353
409777
939266
335941
328076
811803
874559
469469
484882
297665
457496
224467
661450
173141
923151
922758
518158
412575
298178
913635
577821
456402
700669
704397
613939
322826
723881
124774
541077
324453
972065
26493
430633
924795
392165
607956
724929
588411
288551
362508
719928
507363
884355
359343
615029
47515
845708
436634
170765
112687
75458
304837
407813
741480
83679
815601
173044
787397
960336
5804
150407
118299
913985
198020
270175
278598
929297
505478
237909
500939
327973
302897
72221
949644
799256
395388
382984
726502
207376
709633
96483
935787
698668
541765
713085
375415
336857
580324
389702
436977
689860
997406
396179
528480
738090
443640
473407
39847
800139
972176
859307
138591
521916
563073
370021
305359
358236
651310
787686
287690
792542
40367
81525
196710
283398
384790
264106
713236
112303
527965
264333
623713
351944
445229
811421
195464
387551
751949
737900
734321
689301
83557
108647
729866
176946
411182
959540
988673
403089
934009
866612
632667
51644
333016
902248
43188
379794
201133
989296
515475
635621
156877
128749
547369
133984
253840
861640
723239
421669
125687
315084
4025
589749
979515
909999
870178
929801
910382
145838
360245
52541
274000
902742
280109
296300
342577
537246
231274
165079
725629
527281
351048
848574
204329
772747
559006
746641
509753
158777
654544
247616
677163
547458
241618
299119
826819
672868
391737
804020
87735
749631
97252
482536
192111
380307
435827
379501
916093
18075
940758
951292
722836
366151
914111
455014
379273
79379
775838
346141
603347
734681
953780
537628
453618
402384
222469
749620
736749
790501
371628
6516
143283
159540
326024
501173
996003
209315
924628
731903
70439
331867
29205
407835
37243
291812
531244
542519
493644
200924
65803
176559
262011
813268
100996
969598
528064
226120
445309
986112
117356
828088
59840
376355
316422
197543
819375
344106
844759
819119
283669
481757
109186
961407
491287
759313
967755
752051
30537
805711
186872
289998
293213
268452
238740
936471
697142
645957
523408
185613
498586
366044
485701
854279
536198
833139
186901
787757
690652
349308
928111
200141
898232
5946
955760
186139
857824
855120
152551
294344
508377
556324
802097
854461
827094
234736
830467
207988
449740
99301
702086
230579
393953
465340
514269
173671
107906
920282
843266
142681
696404
669598
320782
116111
291650
34827
680535
745729
34933
747277
746419
237046
94690
950506
411483
895163
8765
250694
545516
840512
332747
370770
946567
421711
965461
761427
456023
132906
807992
260810
364530
835135
392409
876294
392729
902218
322487
715778
562650
766856
255897
546619
318421
722771
128614
820627
307163
391967
135763
254363
988273
459599
431350
927233
659189
778421
801658
269461
574168
801125
83500
327993
206793
875636
93553
966309
956531
1042
177818
816021
910492
258241
755984
761616
503918
203185
729258
947540
784403
18938
316765
388579
606649
918133
2835
679844
422389
983991
131284
342776
321092
854635
422625
658138
302060
177291
895712
416434
213888
429051
904433
479478
997123
235906
526494
927037
923876
449894
209009
522018
893416
797858
128608
361105
756710
141190
946276
205553
128427
820780
332072
372462
335358
538450
55068
894562
963901
673305
534184
542943
759398
431833
219774
475739
787058
129246
660936
846073
982427
62148
169345
915824
967039
46314
78880
628186
244572
899734
390190
233499
255035
528229
615161
585772
736938
832045
493217
241027
923553
723889
722383
137313
546951
684352
893510
166583
228940
300970
362193
475126
709686
598752
700828
511154
666106
780455
870623
430770
505600
451193
689013
236246
159626
825528
241419
423525
175085
208335
662899
295411
369085
692136
941528
727403
913415
581827
761676
899199
954039
266105
574525
3817
450138
592334
134791
199452
317054
379628
439907
170508
908022
788738
119292
318615
552122
889785
586338
885518
756203
178638
424024
776484
500531
423760
161544
82034
466827
624696
540374
502501
958870
541216
211153
675781
432747
704162
448262
62498
734512
189326
442671
187485
210209
208391
435657
145936
855536
449786
351299
422235
691655
718268
549970
81868
473641
183232
882145
53610
482806
312433
559462
439070
660941
258098
555728
510335
382860
794032
704220
951801
754354
451424
867271
746905
946150
517530
577438
718967
392337
867986
656113
892672
760165
608943
260390
288158
604865
239049
366761
435207
910765
294980
877569
413023
520384
407684
677630
26571
885025
679755
563343
668499
931626
205430
96304
74675
160808
397713
365888
253630
876799
919826
728880
584816
71915
276281
49239
498574
383201
676481
516771
802876
143059
385859
931563
568091
969299
717608
668319
351964
885711
648201
994593
525222
785402
804453
708589
118304
106380
605118
155826
358363
733151
365072
575237
687775
98170
347887
746091
534673
30699
473916
389524
790654
8397
316547
338407
854214
5098
807157
211640
169895
365177
270397
959191
606565
306632
598400
632322
644115
543157
325302
674106
636417
334166
412704
499635
342915
617081
255589
741860
139097
647813
872077
552895
899840
528191
97816
911355
788116
444393
394108
105996
764256
665604
66298
777076
731652
12919
297308
71091
223298
681160
653005
714394
429157
836614
879701
416702
793806
212425
623663
480519
875228
358354
908744
920104
708279
282700
246230
795817
996857
422644
360723
153183
157690
504724
244693
950398
376951
135466
240268
748357
619679
759080
938839
502423
271737
133397
727043
302058
468020
368401
668513
566168
570573
359413
180930
2835
646615
318104
395601
721462
89962
103407
773518
253814
543146
162060
939939
833015
555891
32839
991652
22907
935518
165882
195624
48373
391667
402533
420414
14972
157739
117363
900686
266907
522464
167124
419726
611909
174547
270921
740893
988453
830874
18878
245824
229140
325412
383377
40182
77156
175082
638769
941049
224665
609972
781473
822548
908088
214085
92956
922843
744119
230309
21971
772940
52307
698441
185618
292609
910849
942304
327680
703566
53564
636988
783557
450365
38781
743387
810566
414307
893385
608978
136779
583326
312420
371797
696514
938030
225763
680997
736093
773678
825183
839510
684502
146990
945925
215292
955474
887597
596875
999282
885603
141944
268669
477126
726632
229337
372021
298564
711503
312126
865705
456798
217915
835112
464479
430261
863873
95820
21947
158982
514379
668682
214264
813940
132703
320775
591285
198317
758074
973929
271271
791676
335958
684910
317229
901355
511947
985322
184065
247891
882514
614235
252938
132354
983524
515050
762318
38535
514752
413569
763012
62748
237324
642819
202311
317169
961747
259948
518439
148177
932141
9991
2586
952563
810044
28870
254096
82720
742098
186049
925988
739323
138224
287822
525102
668850
496554
958585
970677
458816
506470
280864
724994
779740
74499
688750
530639
799489
836374
840818
91295
557147
448079
927771
562855
684747
367994
972498
726954
89431
484706
51892
915874
207985
523088
692138
869722
742114
526961
698407
763481
718163
500309
447038
638904
114360
179731
141534
969493
884954
167371
10091
720928
451199
292612
17401
823954
452407
215603
414759
866494
972742
201053
455318
240128
382313
175699
24517
900434
621383
749404
312139
144317
282421
940210
975856
614059
549606
588578
884583
493915
772013
311766
727148
341423
795953
45808
268086
441440
396332
847628
574361
776465
150687
211368
970364
926784
387286
365728
746866
335513
593235
396689
335670
410853
971802
541408
488776
277472
708185
490643
223710
406311
700273
234780
404873
922768
861157
784758
711014
84052
443486
251816
107069
725159
189272
46119
585017
583593
170221
765401
538244
878708
927548
685619
278334
19477
827254
900035
366299
871128
369412
258826
425815
892797
479896
793601
714774
475207
801871
728700
218651
950706
140160
555756
928101
34884
846820
784895
629025
308092
892834
730082
744272
135399
382005
698598
416311
739154
800252
743488
950461
852762
881822
853419
467812
173407
505367
97384
759847
959831
361700
145381
404140
447614
244871
119996
644965
960299
934007
379410
397321
62463
613160
976928
868971
149302
150514
168462
909876
705503
229856
785403
189057
36264
66136
113946
260891
635155
831906
260150
709839
690629
694614
998869
780842
22077
561191
139387
15507
428258
18822
251526
825349
804020
646324
141814
596135
458149
350183
555535
313353
149633
306712
574231
731965
399112
997607
680571
601360
460828
801644
426126
287908
257237
276123
924017
734571
221810
366803
272461
434626
799211
365443
653373
56231
694946
986233
832457
853145
835319
468553
707789
539723
994490
193494
208057
50948
135100
311424
999473
884246
626174
732458
122581
105208
775627
31142
426011
174211
910946
729664
229975
126086
293899
430628
138972
412678
936842
955180
592509
306197
132209
447498
649709
21709
805840
681359
814084
298985
504904
838422
408738
190657
654462
960335
270638
526753
855723
518507
792120
380548
678863
453089
744317
395698
121477
783324
248904
842483
651826
45185
681973
512431
28567
80224
986961
876580
28998
600950
443421
552834
579122
378332
308210
72486
124959
787793
236158
287089
668024
299487
359340
762437
471103
809836
727010
844315
789279
778015
502692
317828
551965
791020
932117
405370
694253
110334
54238
881890
449377
573184
410407
468065
99260
123464
828099
874392
324325
524193
924136
571837
890679
428340
977883
98583
314997
872402
643562
838422
917787
651297
408019
479244
557135
998496
384003
84428
646391
127640
64440
840478
102308
161761
720199
415452
198507
350734
679674
458796
331796
981174
847761
110681
271916
479712
830569
301136
849141
279498
174522
424181
368062
306774
843067
495008
201229
939026
419744
257848
132408
231458
517379
240041
923027
332748
235233
193349
887619
247776
570107
729781
600113
609026
371804
827418
360347
894293
866299
664900
882180
500614
577526
433677
939788
72242
37438
616147
954074
899445
808210
87825
708469
876176
609828
916442
166066
315894
831832
894385
335176
7411
54122
978247
68351
88186
348910
344849
177671
763209
622131
56582
402597
471355
270145
100018
832712
530730
311746
267002
913466
181758
178045
754477
663922
66071
3197
397122
244678
191251
197584
191540
912957
539836
178731
411511
319555
528977
446571
948629
281269
348911
241206
687786
421596
923100
113728
766520
515191
520049
448490
478568
896561
941793
856068
709406
935474
765098
945395
797303
274258
8342
266030
549602
35687
871406
499362
216728
557695
577404
416054
824185
834601
273724
846569
278981
299694
919903
48854
235571
68702
108091
887001
406449
835972
124946
198412
393401
187515
557820
299371
429004
486746
114292
194006
405071
733194
841021
889076
96190
792953
809071
437555
850705
714663
150562
529070
323562
553566
573365
333672
113463
423102
638524
902517
577130
124278
44612
737976
512914
833103
525315
474887
381078
930786
916385
74411
434958
565994
868637
653763
49022
362676
316574
570823
570096
947379
142935
756586
644781
597552
160981
584793
827608
420702
333992
321889
251558
263243
123115
439085
747965
868275
986674
750636
910184
977455
369936
28113
950645
756939
505026
440436
944876
627957
683132
85782
909228
729104
319949
913666
765347
285544
677169
519182
156073
385537
133235
27201
33402
977800
889789
637646
633294
32555
390078
983231
188311
726212
998710
194797
191319
215344
53665
196779
860379
907774
698749
578499
299159
357827
456954
197080
922719
67403
434942
949547
396800
521450
275026
94137
110969
536624
461676
88512
772825
364538
487705
124770
508406
503845
91591
553891
709767
130014
621036
80397
854751
719573
331799
869043
711174
168720
212945
223570
315318
494812
583919
513427
598191
815390
828599
201900
678391
184647
863149
796455
260082
534630
856441
323515
683033
459863
915446
95382
461530
618265
559193
66492
344653
224702
90300
201033
187918
313979
590086
477138
190651
629087
129913
623082
331275
605985
938200
128832
55881
749457
377203
437990
464620
572849
989841
636908
482901
222173
38840
369771
633573
362085
853083
87006
49016
431227
56865
772138
546049
292296
482574
337726
66242
511001
485328
149077
621353
951670
916008
166744
989250
196115
702963
468705
475357
890144
350356
974875
882877
67451
351808
355205
176314
300293
30950
253717
918644
150674
764281
435449
737524
544634
860443
694712
759776
336332
292200
808311
937563
984227
729051
424728
583095
3024
563105
886845
975320
694774
476472
8299
537190
151797
32964
252809
558830
373246
437742
129159
184854
195782
842873
862619
833339
381398
493667
396518
133801
373310
4980
867509
211126
963754
138278
666148
511355
100684
731952
198750
642480
185849
82801
438591
905507
903248
729014
566490
743765
225429
933480
630550
425585
848540
508501
910579
731306
688480
572825
866795
100591
553075
262312
969395
42318
64336
362427
67808
730722
337164
480789
556903
80122
658283
666033
265149
961032
827407
328778
561885
738243
509643
150854
465192
685146
536534
240576
253798
904532
604955
59377
785642
276169
638509
724218
823380
870710
213976
845008
897840
569537
702675
862084
518076
855050
933969
522094
119560
935018
474934
204341
107893
109771
665447
596030
133471
676836
295930
849775
899991
324879
757645
63327
963209
574344
745970
476252
953533
850500
697928
62424
148473
384940
146277
541744
523139
418164
508143
14426
22851
806813
469322
341035
380999
947331
782827
694211
594145
6499
926411
735766
455019
656045
336504
48599
219819
253698
896326
415426
860113
205451
201826
402502
734685
882933
857350
921230
513309
649228
316296
24555
915156
379379
983950
156576
370423
205694
907420
841929
301008
962604
998158
985576
591366
360004
275937
418637
778612
35402
402539
425122
787445
256222
363499
665937
451521
686578
466235
225938
751728
800358
503714
686484
124766
838722
475654
339847
762408
691151
45438
338692
130770
810898
485382
309146
76490
171174
793292
962422
50247
673973
802919
826094
807244
410963
84711
23658
46345
18039
62471
981551
265120
194518
364607
983241
805829
644062
769462
960597
756158
750604
413909
809000
100554
786410
735543
135648
710430
65705
935164
713413
708106
918998
532797
2010
540987
442748
286169
662534
147865
628759
99502
973018
523472
675568
800228
816575
86509
352858
334435
402557
95390
667463
586853
536426
813084
942855
646885
612397
437732
16735
128055
734318
893920
191426
370801
268380
197733
566766
233159
919706
179286
810790
666037
493383
674405
231559
430229
265832
800249
129418
106896
214644
613292
375381
305009
771708
371371
699390
599893
797238
532161
695709
56959
602213
910125
3660
394632
916006
349103
935166
395635
523480
259042
172601
643870
75241
113667
114865
288405
640122
960207
900930
341249
752878
25803
133514
83390
920212
53789
859234
629770
269870
563288
90487
777241
532062
846421
577864
260485
79596
339836
898942
689634
388278
954850
561443
232368
708277
93964
37440
589929
137895
235026
98968
459131
256735
558431
264890
711312
252453
327829
776583
385544
322187
344653
4097
441864
684237
340220
757131
155500
231844
49969
556675
638680
450727
574394
103032
875756
826846
506407
183050
50261
45093
651430
950301
704128
585402
632077
660089
321322
526691
173303
897282
781140
214719
951237
339470
843666
397863
304006
114856
328577
953600
776241
815585
883800
190624
440143
616717
975320
234586
961910
556257
890013
860840
912623
516711
984151
617396
120761
23899
30482
36483
744231
94950
916720
430334
685796
559156
605689
386142
623063
873332
457737
943988
465121
59563
711656
996819
406467
886326
553462
609755
816285
566618
424197
510754
910801
251401
133825
630208
152006
240116
987018
119351
823817
348167
306466
412285
343437
702086
670210
210344
918227
955138
595847
175797
97765
394935
316810
381493
171580
953669
833485
136917
175169
269769
43088
938760
241008
689944
979012
343315
257113
512024
87447
123125
716225
598650
213102
528432
65317
58967
886769
650360
828062
876454
338431
872567
779424
954136
180226
523003
184604
300432
509598
850173
195462
654402
653571
884623
974513
272295
141475
137441
318805
268186
131773
735279
316979
81298
419670
323595
817615
568253
447945
66498
257948
805877
635254
663662
177014
260769
83798
526296
249353
438251
645231
135431
948367
389913
315874
974569
564342
266635
227426
675549
868767
65936
67391
933467
103811
286180
75360
998081
877872
805322
424144
977979
664945
432450
922095
946573
563020
848808
371913
626368
984869
1641
196163
846119
95296
554530
824433
513996
297764
856982
305285
347260
313370
972748
671075
619180
920597
359683
847759
854215
266731
110483
597064
116309
891330
966498
249134
8969
207558
714239
234590
658343
237398
118302
96542
676048
510910
53041
549556
76907
11743
201823
669201
598642
476587
428963
417771
970710
99981
235716
927144
740112
415973
826540
6646
858886
419441
80488
729527
357974
860423
537211
786714
823425
930878
929439
584197
498551
366189
335129
190510
797435
871691
852728
440841
85426
489334
39337
656667
544654
379087
624314
591918
141329
683842
355049
600477
72064
306019
786472
599055
776487
646708
900144
652480
786883
483331
805695
23419
708047
576880
803312
338468
39854
733325
496821
973297
744305
512350
813235
588537
900486
252031
664889
207845
204350
590309
609566
309251
170937
407036
417079
563257
586737
52400
112818
796886
653663
949192
164051
934340
331661
261036
201352
369114
639865
313095
575594
60558
40483
936327
399059
968584
104500
952001
149462
788433
793483
448690
320287
610218
333860
347425
994024
657529
189927
643680
680597
58654
661579
374704
78446
617892
77861
914756
496054
210516
40721
327262
842028
981795
296827
768406
669213
159627
338571
968249
181604
505463
224875
135438
382848
343
286518
781300
85712
525524
296766
137831
216109
184925
268474
362913
7716
921952
933130
309597
223183
891605
164137
374135
146895
285812
166574
528623
528231
394439
708415
225356
536184
244314
805011
870749
894997
55566
757089
364378
830338
79693
819626
109738
575822
181847
989664
819006
153738
54011
15794
42778
522981
580386
496181
883060
228773
508422
605872
881781
326148
323008
222084
215644
971173
109438
726198
588290
237425
236242
631771
82296
121043
227304
651807
886476
21836
683280
662065
421611
616755
665849
879758
129184
58061
690175
424297
290234
733252
48219
571636
230220
11400
997881
582414
859278
625791
941927
603017
217633
71402
507625
519766
742064
669141
396841
944912
371826
928698
569995
909537
758091
599156
886623
787989
991442
490075
188144
952825
732206
268544
40697
219247
74713
85190
784695
920786
252103
985179
401690
914816
719327
569874
477589
731208
335784
713055
31765
887793
313599
646254
221454
518565
702148
373728
627952
821433
910037
969571
906489
440730
31602
108524
292644
276501
336256
615508
521471
573762
173865
284236
414554
736334
967264
212542
996571
148196
502082
958146
113583
434552
599000
423866
887259
15152
971769
431179
419184
990383
322445
700984
892381
848638
651500
513948
796638
401049
413284
118020
472274
702932
582297
255975
249387
661800
318279
912515
242047
927006
957924
358485
972411
468695
58209
425267
272950
250165
864078
195914
383843
632234
65949
422704
54881
73499
942014
668389
887597
844912
650730
12971
496951
408571
671356
508351
476498
115266
127161
27059
683460
609771
995440
482345
708605
498115
648829
706670
631013
87786
235943
633648
393422
360735
83945
544029
687113
596324
871886
650586
234132
906254
224373
850845
146033
751915
980724
343720
72402
919823
850777
248995
695215
100029
949132
817748
803770
335279
246672
30781
778794
553347
726888
747410
264244
334338
10518
164501
187289
348365
634046
217744
635480
851750
338922
728494
324547
238552
782055
402999
340463
56836
228428
480295
886597
113162
211738
596329
473653
210128
784703
545973
523531
280498
966133
547139
98969
428870
153096
750122
334868
988490
572660
945370
235003
109869
677868
23090
462770
308534
189431
974463
977901
429333
469557
37266
177863
778117
155072
557245
661363
835482
514670
105130
785353
737900
348978
424023
834690
925536
451490
691954
732863
621008
533203
243468
375747
803926
912352
571261
223170
607738
710090
709013
573137
651893
903225
158074
527868
426594
795745
262115
707062
35968
165952
678576
519851
238886
84739
482083
772146
972420
835016
37951
190814
153617
148479
729275
905268
170518
912745
878627
263350
396759
101122
647244
118686
844697
412924
201586
505958
17173
685984
899056
272452
747703
612633
472090
142388
926867
363084
307194
376941
77669
490591
74470
888373
63107
933211
992699
704272
834081
888428
774520
502484
257409
470213
940409
19800
101237
620576
337869
384587
517970
582051
23287
843616
130547
437791
844670
104807
412903
373681
13489
512823
925240
528907
597371
963208
219417
863629
169246
599133
385067
844749
482639
894686
322284
845878
46702
569603
214908
339532
511777
207021
734925
370445
786828
521359
436647
202227
127599
784585
290902
280727
472475
77781
189617
659695
98194
297754
150151
216568
938362
981854
846951
451823
685950
287641
900044
377272
72386
985380
857251
972962
545344
277648
967803
320770
268292
906260
606024
930555
243264
813790
952148
697952
270477
908682
673091
101552
509119
377456
396161
958976
878307
362968
512266
165110
589271
755464
74709
134321
457414
911358
302494
952326
800703
143738
464655
14630
644594
303923
134794
752667
708934
302249
375573
53105
168921
703194
925667
213425
444757
667982
856635
847880
115628
148237
536647
855943
779888
49521
249724
890244
67536
384534
701856
252061
79923
614253
449277
535773
979114
377776
572320
442422
374870
918768
373966
485614
456470
661194
703876
197143
486378
678392
512682
564406
978345
766531
19
210182
798427
876310
600627
602517
885620
365102
871454
977035
569006
41198
816313
48842
851777
834640
807359
529969
612802
448309
110258
633723
803989
627100
428572
5253
512016
608689
402048
689069
361966
54205
725794
407894
442349
522236
988848
359879
240261
697228
146316
895411
116933
317889
432055
475859
220043
394325
81243
278576
271455
207229
553397
823997
978669
17111
514333
967072
3613
3455
808819
998545
66513
572416
18152
832795
648890
690983
914918
962368
149975
150772
264349
175098
428044
688810
37483
561307
958299
824710
240999
751445
918913
385420
491723
346518
479215
698300
83387
489228
367331
604324
736950
767238
911779
533775
640984
62715
306838
73307
638473
581859
590207
377000
734662
902083
73110
596524
338762
133062
660869
358948
588696
743047
564604
311909
714856
616108
644657
136273
132907
572524
329015
659492
180541
906672
856314
792750
845735
79127
516949
358363
148365
990228
908624
363502
366650
514930
28217
372876
216326
170168
770589
498293
650594
349480
53668
516557
654976
673953
167878
43736
86817
305188
793774
46533
998076
429811
829225
412705
993736
633813
813899
813932
685095
835319
326750
515657
185327
439405
483272
130766
506965
582805
323832
909628
26168
887004
940940
878728
196616
869594
50051
781272
284625
205145
846106
237769
295976
400371
500293
682221
776496
638361
385931
373586
982537
33584
393662
557437
23767
443029
694678
820342
551658
831810
988394
996029
26127
351496
553674
473946
945842
301564
476155
193618
371118
604078
17936
980854
736243
756116
926433
904277
546835
227142
706987
227345
774569
210531
526020
58767
985446
465
525881
583880
152889
711329
815942
241917
972058
324176
533872
540231
667956
274857
549635
845324
590381
815113
409764
632590
516947
937275
5650
503901
731620
875841
617469
533741
857466
708788
180034
363970
681809
280706
97475
758727
912183
971031
385440
165822
383183
934615
53012
142418
217281
713287
144366
77449
497025
309579
14313
429973
629627
487050
872747
392329
904408
128046
431959
537257
64368
774791
913551
663130
241612
916175
223305
80824
9814
715912
366796
916935
628512
720962
55432
374401
635469
72312
419536
430925
55392
324570
893301
963537
305887
71718
167936
747742
841571
540911
430155
807178
148351
116864
727228
882779
95499
237018
727199
732511
233932
998488
220767
224537
531521
998388
625057
455574
127436
43234
894
472733
254075
283354
458587
751428
453491
243891
952870
470751
820088
526315
374766
528980
126619
289091
681375
203146
565057
607431
709209
427392
66315
672235
286381
827706
603751
255569
929844
652629
885683
954088
439371
537788
944905
228334
253614
786867
954603
756181
375664
638225
898828
25540
896276
655499
664121
897524
340940
9194
227107
161787
208843
372190
919433
182694
324745
290605
485638
510334
675091
677316
177780
831085
721611
226478
811708
714043
806531
866210
117052
650737
336178
533750
827027
595806
970065
790514
140300
599479
594261
402816
631524
839001
686985
331071
11897
325483
228359
298038
663442
13471
265299
974949
798597
222167
508819
399671
563529
967396
885487
759573
602201
317417
769473
192788
616128
813982
678649
513870
565959
55985
554704
599758
663481
169542
551975
468837
911568
523743
23292
820249
393406
271447
958535
907133
302041
164745
41975
413020
159523
638798
956420
292879
309621
327842
609393
622574
157064
543080
648032
210083
470688
997444
581329
985818
840982
844326
373561
911061
135296
752359
487803
823387
836607
122955
663941
857936
48484
366503
840778
946848
389119
820508
912215
141653
803782
368897
755860
922249
886431
515935
736474
920245
156747
340565
767979
992359
289518
199772
755474
468626
899967
269029
645592
816511
401032
134367
731744
136162
129818
144852
807328
879111
902097
590451
651516
601643
246591
755880
853121
659496
210680
879783
815610
893640
603386
967560
35058
147450
135670
772173
797768
144609
577343
541183
940904
395210
359758
826997
451819
30006
561136
964982
836109
884758
593933
986806
765383
169301
806549
659581
424521
565647
782984
508965
934806
835615
476002
909442
304187
462677
963362
415388
766829
321927
653046
528791
157438
105406
676357
928948
61116
461586
800984
318320
345062
594512
506470
762762
269836
804759
155514
978402
850946
101762
217987
729469
996096
567743
14648
289701
144729
962878
368934
487853
936918
635206
454743
163027
568175
983649
8288
7806
263397
826552
87304
101478
116735
898297
436688
735570
250015
848052
343972
244541
320255
696005
12060
811602
877774
867884
863855
770199
503201
551545
448053
988454
410456
203298
900822
631765
345358
254071
531989
840503
101244
466284
69235
433724
805803
938901
806081
464819
131987
937969
280261
822384
973205
950109
450504
423561
3154
140778
363579
495802
2662
568200
930499
376168
306053
800737
887464
377283
717744
636418
364181
935108
496979
292468
836365
974934
560446
988649
9195
812433
898878
551442
170067
42849
602135
66189
752955
918533
325281
399356
814160
286515
357693
648753
763142
756826
474354
618757
957823
417151
838951
39688
321239
789769
825727
142354
727498
551256
342797
343352
539139
60815
418290
709083
43521
244402
62490
595482
623976
935531
403983
880359
104290
746599
163128
794167
791728
851741
352691
383507
864337
893679
854026
219660
823821
16169
157396
155595
824286
477478
75819
935750
337532
749201
230405
588687
79044
717321
106289
21895
754436
899166
768048
617839
829349
974008
412846
160351
472629
235352
962011
449359
413137
881142
389675
756626
139564
971208
949030
463523
551422
539940
645868
351768
110731
682620
283849
468403
760078
874761
641009
602072
368322
316803
402456
716376
870862
513868
457712
187179
487179
387436
689792
412925
463219
486967
46494
676895
156583
351307
536905
834590
798172
192502
960613
827889
517668
560948
910227
28811
214101
555989
730540
138385
14680
556413
37083
869606
433615
585222
660884
350625
712996
530688
953589
185824
429739
694360
765815
296374
593139
360342
915472
697664
532014
994816
346281
455125
323962
362332
33847
468315
253707
556435
537913
844918
372279
872753
76812
192924
413086
715337
361454
803076
319924
315574
846797
457341
556525
433468
460171
158875
254468
709388
897809
121484
195239
165542
418509
880456
944002
797657
718217
977447
828902
93670
173609
793548
135894
234371
267713
883263
834990
196347
666257
153113
772017
159730
566942
746648
176365
73862
773101
778259
209421
706450
111967
106567
913787
959628
841572
862031
432943
519374
915037
575538
599705
631026
289426
453014
78823
758678
37325
545875
690547
720511
550033
519011
568589
81817
793466
812213
256864
883932
651634
442592
948867
825163
313421
898677
489054
611478
561218
125613
735863
466784
484551
757249
370904
186203
676040
644569
647967
202574
636419
413596
713058
615800
751043
368870
825916
640847
560630
585368
450425
107809
244333
371208
463898
199964
533425
549337
783685
585833
958588
689254
99404
834866
614619
919704
98072
866692
573406
754135
186097
544784
340408
265821
66541
129292
458682
85414
565300
304567
818279
42820
331692
9209
284979
835663
985669
632936
92509
596025
824930
976295
346918
489215
707874
375785
798572
828411
951947
471955
17576
877398
235731
238208
66688
207260
557450
696414
796554
735656
809063
54133
553119
603326
269933
369288
30743
666295
448825
141588
351782
923991
367403
146165
520146
441402
252911
62312
793552
216621
790567
289707
867643
508826
470198
4929
437168
113691
176684
35986
162952
146991
546441
287022
310451
397898
907120
147634
653293
337158
616554
822083
943840
198712
591635
935160
160662
804062
21925
796500
686681
292660
206110
573424
901802
941605
706321
817591
322138
453855
262791
453131
785031
769919
376591
988934
949366
580523
820009
466459
635338
756671
576395
449626
708767
545375
294734
853714
717190
943276
756600
29328
327261
191378
561254
985030
44489
15293
60630
874376
378387
327403
348303
647855
679452
618269
21485
302048
478270
577831
689805
274279
136449
251111
832273
296188
77047
897106
314960
130600
592757
563242
513821
582209
63022
71948
985778
398673
244397
123429
540026
309397
905134
395333
725368
633377
761306
675915
515927
747809
254686
346560
270286
398202
880679
286528
636463
103630
641212
844947
735821
715423
482679
77723
460168
255563
64417
741541
526199
186037
385449
634273
553968
413060
406785
895663
210870
225541
523030
381007
881920
362412
389290
471867
863522
243000
529807
219985
630363
986740
207105
836455
3962
396057
826401
158851
956269
992081
181898
56163
543079
150166
881362
957046
115821
38777
826335
100654
114494
125631
665379
445869
316637
552230
390325
436956
979580
362437
447565
920027
143431
328145
582940
425106
310217
92988
89222
394406
705535
761655
842173
36680
875832
751512
368571
668455
31141
3287
1947
22789
373571
476147
331093
917927
479201
280178
332373
119078
569232
611973
178422
965539
637415
603145
298912
123032
302704
883050
510714
991625
192755
615458
346638
605401
386012
720864
533689
88504
422283
222403
859595
849722
309113
722565
3201
929155
742018
553781
232796
522271
22419
369948
670173
66670
619440
294529
999200
82556
579426
232777
748434
236655
638012
847222
470417
390681
457417
62608
457567
112814
945620
873057
247105
660687
293908
719129
678970
784645
24561
146066
116063
671049
576183
660270
145687
129535
987798
155549
378993
184835
61971
928443
21026
902428
207759
487190
103833
21262
685362
26637
257409
396108
123060
225363
569683
519049
878280
820499
970132
256047
206181
748974
605874
289897
651890
343584
881975
575707
330253
111936
728488
571761
665080
150310
15805
510293
355680
707047
554236
684858
359244
274363
631028
275862
268062
435584
34131
715500
213449
53911
380644
50631
925136
712428
786921
676419
987446
857108
56657
756420
753160
930319
538263
68618
232835
890732
41015
474653
904355
204684
661324
660130
68873
176894
699147
112528
976904
721674
210902
387388
194188
440713
412606
165072
603815
764977
143512
713114
666105
892143
469050
719680
695804
689197
260691
435538
934250
385651
615524
552312
576843
434537
670943
498442
300318
340027
880666
788159
247139
336213
204848
837756
768259
300302
594997
382158
376541
999969
637011
752691
652846
202005
426757
359507
112028
820095
485552
640524
212895
406302
564825
789290
497997
301412
856967
211702
573760
65172
320694
236069
194022
340166
78389
714162
350692
154376
595293
619526
629095
516255
507310
543890
514762
216811
408775
663359
767901
565736
435202
961277
941208
629712
521770
223288
14876
347038
450713
208105
440034
167918
64115
998089
845058
435649
14201
887200
633762
326172
901066
839547
506233
37007
115004
96251
681727
952211
410451
210890
423027
524749
292188
43177
481672
353071
286441
501861
35949
138494
867498
135848
731768
248878
298275
361900
48878
436009
664911
705162
370993
362030
486353
425713
514567
215766
991251
421874
956483
659571
130366
221815
997074
998929
879124
237012
370916
737822
656173
419766
205748
829222
44492
958391
26038
289462
628637
173140
43996
729506
595149
915702
975110
827811
146118
185580
675204
724376
608198
961402
48648
188333
773659
51339
750765
106905
654653
605441
172318
397633
761863
273901
500196
503674
853715
35802
877968
249004
587058
900548
978369
27473
721285
447270
835283
927645
266428
623985
640933
773432
30056
658072
390852
769703
246334
522120
386681
20488
512618
463925
689899
614204
194573
522960
271859
400223
397397
404949
913019
306930
173048
670208
219665
524314
581901
955679
252110
399425
713671
424579
395869
218395
128142
395856
847978
799939
416956
285556
680873
516483
479089
688500
997888
766131
605715
591714
650450
728376
992933
484011
912233
302510
78595
552845
550911
374688
671351
132325
26473
298036
806651
267046
17761
130916
996684
471206
806638
692135
252968
535954
1586
749294
212580
139778
798864
483721
875499
620264
942328
200746
491159
524897
17808
819650
945957
493166
705920
549832
767577
744828
927770
22616
211501
368991
408293
119352
867191
428893
223173
243957
638870
303079
973256
306284
336728
755683
564879
435108
911596
521444
803479
642969
833278
71739
833507
822100
825397
852007
724680
560117
995973
119207
168852
813331
50289
650929
635100
369210
452513
578619
888353
943059
454555
483126
896798
287713
576161
727706
556209
452775
728615
630364
993251
900136
392048
101885
63638
548166
698564
8764
230282
974988
665488
190956
629516
877703
932442
371232
758139
112655
560542
130434
265080
886563
368202
480771
798825
931058
822931
444012
41322
193270
125106
786003
934290
304827
584319
42154
243101
406782
587368
929458
9467
907248
775374
30349
315636
568218
134460
318768
235062
752538
268420
239863
575485
89163
372984
655058
884317
194499
358978
516061
557999
137333
92321
364686
140630
925303
718784
212871
777069
165791
375669
893196
383886
262022
261459
936654
985089
156782
251500
795622
261888
899136
817318
508317
297508
470702
136440
794600
36461
270327
689026
441265
695794
639561
820487
647504
746339
793536
696840
532697
718904
592524
151037
216974
113913
302897
396722
39285
943912
595049
997245
968197
339854
126820
584088
40378
74401
683311
995551
494728
687247
671986
398695
545387
468713
932948
18616
943389
189743
109625
432297
553121
890420
484715
226647
106173
864238
826134
382337
533252
558300
35117
926595
812177
679444
545323
289837
309200
484648
618036
666368
465846
251572
636570
557636
815697
823687
954043
282761
340473
30892
197127
960696
949990
27796
539231
715924
503388
332833
808665
838291
676289
485905
270688
855699
360463
797893
705400
703611
160548
643053
751008
377327
227382
964819
297168
893167
759141
575744
319202
130637
500521
571790
630989
45449
632106
564172
643852
787338
997551
974407
278621
706491
714606
524859
291429
721152
224833
19286
220976
197460
657658
309413
685463
520897
896461
800286
523515
796346
569516
577096
605101
444440
696112
413643
50992
277359
535794
208976
588630
988301
862202
321812
757766
118863
890447
214799
921311
554783
871533
651771
758391
731213
450261
730243
533309
212553
198654
724681
434364
582203
672489
312916
35072
220287
858194
914965
500627
703680
323970
712980
585824
216496
121346
803836
795641
808737
927338
186431
53812
446659
523415
518311
258480
721338
147962
988091
459829
433499
89805
549834
872506
844036
775842
149270
894848
340309
284628
554016
196763
15951
418334
528205
758480
727623
548234
357170
141018
356422
597121
550529
938375
689088
561281
295375
558464
274096
988846
632961
616997
629772
181695
122451
257174
218474
748505
589508
994383
814895
38969
257505
693931
652911
354314
588141
921225
470439
18774
953002
521420
527122
764697
584519
63740
294379
871921
41638
664906
335488
225010
755913
723568
764272
778775
691864
111671
989889
906707
248209
957202
302304
846725
568204
930344
109366
985481
917418
395119
196579
568938
819674
961844
926681
514550
138375
59831
242648
695339
149090
393778
336321
286989
377479
1082
472346
555225
34062
837567
7453
776083
604657
719342
680189
198204
295189
832053
512950
108832
910839
598374
512143
839499
325236
809653
716975
754972
658228
778267
652441
33137
935093
890525
976070
501570
892720
756647
23134
72010
721001
647762
408850
130079
637400
77829
25305
79651
2991
86263
537668
161555
56328
540306
834880
322876
712685
815027
296296
420430
445635
326030
66949
941641
107795
771951
247139
202964
85814
419739
449872
319788
211613
458709
336500
86073
336443
128636
514312
812861
467023
669010
487220
280165
680081
672919
645961
866498
305784
819476
843160
86225
599974
826803
761133
516982
101425
664459
48875
913736
848463
611322
100421
971013
571741
163499
682455
477798
351244
786872
151007
457678
516969
443881
747803
5980
619271
292889
65599
43679
404042
48953
406867
795753
614739
70062
648103
601404
441539
593046
362100
886370
82286
699688
611473
984921
564830
511289
505678
671018
647169
581979
159921
421082
846448
482400
476106
549178
531420
137660
952181
330073
164631
498697
959596
136538
820476
404195
657350
763296
692733
988659
824080
747301
559751
388618
531911
111018
240724
334883
27055
335369
395852
51531
10130
178214
596185
586268
944216
764612
131334
433828
710784
82228
304274
53477
831737
757799
252695
131830
326687
96549
952658
677127
118741
370774
99919
341314
755387
392638
509682
966412
649612
561350
612387
991786
654487
69173
550615
335041
446744
457278
417528
884918
494387
256306
10097
954292
657804
907862
13591
469323
153477
97423
863095
100917
800021
567738
702712
287605
52993
85336
730861
386713
621882
900774
804410
176030
464468
724107
42591
531890
119582
210219
924326
46036
925154
125145
481125
680344
803706
511209
58737
106566
904845
975202
134623
228130
577637
357395
547064
617863
95022
895485
122488
562797
242830
268717
237187
609545
700571
211245
406117
109395
353597
731408
545220
958051
881378
22892
998885
177461
722839
330789
895831
330956
556362
105763
686463
923250
323417
537445
849473
74652
442006
444399
899081
584428
644506
383391
112499
605201
939970
649694
300701
335306
669003
951985
251078
332167
517062
735151
595939
854640
695416
22797
322878
751679
607952
690005
169099
521480
252613
967798
521033
382041
992140
307380
132241
21500
763443
936704
592447
879321
359837
545186
485626
125496
733722
512658
379617
575781
281762
367655
449747
123244
758255
956583
980315
620868
806260
849533
265591
184968
145917
538504
946499
907232
496100
794639
724039
15102
209901
270035
573530
631684
977919
270461
851377
42436
227968
550519
950535
107103
591307
311383
645547
89870
788880
214453
909857
591551
884489
730973
244854
109783
328213
883872
332900
874326
430131
405253
332893
491289
940316
427869
305655
482296
814204
72372
613557
466255
852815
906723
904750
223642
694997
300675
344413
275514
780081
520124
123524
719636
486692
531195
293629
514777
269792
264450
212894
61344
67340
506649
797576
821102
278548
200290
859533
457688
526185
289034
214907
451328
897564
536476
434697
226747
546514
920623
705885
4755
948645
863424
950456
484456
76824
211034
780287
350385
780788
260593
648487
434912
325507
138063
899259
505188
740328
347110
889933
866696
383449
159108
193591
690040
140411
954340
271436
485540
289561
338272
248481
403005
936448
373764
8369
373469
803321
933695
486641
952835
377123
84851
909617
497147
231341
39531
366955
271965
788270
7084
181932
160364
748577
226660
21212
292894
471424
783743
481068
404091
8827
934041
481114
998366
747605
569742
501860
485528
93724
289772
582279
320180
854147
156874
467570
923030
841117
353906
508428
684029
259256
288761
558431
681319
962772
436272
808991
512276
946943
923571
832411
746210
899470
640606
972415
382487
876090
275744
981827
378174
204820
763303
854324
817384
384614
878907
430557
360915
163304
5351
666258
223529
787804
915601
119704
495391
90630
758315
918260
864318
370059
753538
510479
379839
152870
665652
207298
57806
783873
947391
78916
253617
306614
951732
294189
84994
889761
190154
843174
170712
21217
783566
364784
951172
483564
634488
262477
981879
265868
53530
471822
259841
851578
538417
564730
862708
6165
503838
299672
762023
307903
598574
698074
519574
652629
961493
874342
344167
483784
190906
329922
259784
983069
104492
118683
931635
924925
711218
514673
87827
249017
918719
318691
918913
27871
707524
637714
996647
279154
750880
41461
142469
97480
235443
572665
41618
865797
721040
231122
839866
576943
192720
184355
274758
232047
476739
612294
428826
504867
607618
247800
857303
586082
320800
416036
810849
128397
45631
879434
641402
624014
239550
356812
744205
496816
859280
312405
417543
81755
273256
537574
811232
633834
772944
736895
505528
438379
546393
409766
253084
191026
294701
590551
526567
593626
662912
533704
975941
183770
628325
207511
595219
393215
494141
608978
798946
294475
845514
941667
910555
920298
665186
184214
469308
73933
673534
233673
177856
120486
560114
617711
976349
474494
747447
834496
476007
781302
220644
506753
758162
730648
152444
236715
185877
24025
441440
116155
556649
630573
153253
317141
790000
765191
719040
296981
50995
794604
449502
510388
229252
975411
210384
496916
750210
249179
42916
975593
780667
813384
879503
261507
501356
10012
625414
70652
863075
139310
538283
232570
254406
607338
198372
486817
978092
741317
367816
448664
429416
418139
183667
562743
251431
280102
448121
124682
828399
10717
705399
231428
454023
227879
340613
905988
607350
178618
351559
213756
148451
746709
573859
573124
660699
90134
40781
510074
6066
163704
3005
789267
218752
95853
49155
9987
785229
647508
259185
940805
84615
404183
589494
726983
519279
661924
660362
528438
508501
111942
277317
378145
972472
506911
953995
737868
256975
826308
431458
251796
890789
102133
707044
337145
533599
970808
36303
389645
200345
435281
310138
795128
358703
542303
526563
156133
610392
63701
611107
158349
198380
638548
149762
894430
368966
682082
562087
827207
445508
558282
75560
572195
124587
483024
694080
107327
595624
877454
912862
959818
123761
476591
623322
558616
412618
705159
25474
578963
851556
279822
22995
919230
447967
398648
132164
599143
138288
87986
683771
809769
525406
617978
624483
974299
265383
176091
988309
47769
125567
569092
897651
718189
773112
430852
55764
556121
394621
359461
220377
743875
44408
982050
430494
696701
678100
585030
585676
195313
319068
340706
57292
197350
80450
482794
531158
712561
640060
749100
376039
747386
98889
149550
18449
444969
453202
587364
356460
628078
586219
108363
872746
61867
323000
682085
52873
194558
66477
857233
340769
122350
595885
8966
824093
186993
684116
714796
183366
359127
968272
691031
595323
402967
606890
163488
281469
478901
441123
92642
543847
464844
886265
731918
169531
7485
763657
118380
242903
22516
696462
687151
232902
480852
31879
93747
768626
495679
983735
992277
220407
667715
328390
172527
668500
106916
310405
309166
910587
582594
420047
310546
312584
733479
643210
870658
510158
688303
946253
953034
753164
393940
38556
714354
997118
434005
319054
413500
843920
211203
101840
942777
774957
189480
331330
503688
282998
393876
319103
293484
947215
926469
465146
507977
793235
797298
413827
734395
56935
488244
954025
618707
372460
84178
990010
696367
492302
114855
771750
283957
568122
819314
482050
101164
349228
957562
767336
416567
20710
689948
277819
858542
952636
227443
480072
640666
308556
711522
848072
486861
921484
748608
422914
344796
961596
580641
83597
403259
349754
10173
805107
201651
157748
247040
503089
152834
67255
407277
558748
626767
635622
275504
329437
917768
554631
973502
218269
111706
999032
73323
500412
73804
500095
457544
800506
333625
826559
231862
450744
74472
787909
399244
222105
691209
15554
631328
988291
334671
659604
110262
375042
252452
441660
379523
252107
928973
31156
384796
754845
983004
510426
820928
22019
759628
896069
173438
916150
246716
523769
235460
372064
950795
14901
785606
18300
221772
536873
522119
581337
572070
307844
966279
299133
479755
68908
787530
603814
213459
803719
878848
510572
224884
936118
17942
508354
689248
687202
342296
597147
95804
937326
690497
489
139640
182796
318305
413376
319887
688812
327081
435738
257373
574286
823446
188659
569240
231928
901176
328725
708268
516868
206878
791854
902263
370513
782944
678557
60382
34970
267273
112459
123786
370083
841567
835318
751683
478735
722447
916745
751527
456975
288890
352295
411526
387701
588822
343239
625117
546342
991298
50745
82734
412910
290475
235655
398968
266286
811860
661175
837400
335088
119365
244268
123132
357659
936338
754412
403520
767746
735622
652668
737063
483286
57005
648551
807287
532540
283771
128350
738225
324794
288156
796153
222763
809098
598553
548379
644044
820945
339939
128052
108324
628009
116608
605281
646117
496282
372943
862702
730050
405160
86329
686715
464291
734854
890102
992572
508354
645096
458873
774362
342693
872118
330554
370743
177528
484508
741022
855375
729030
683582
696516
99961
950676
518089
548206
132941
103450
993573
329994
768032
8159
535303
912860
677163
52656
716770
969355
66826
17212
327613
135365
615840
946383
243552
152143
100631
473897
38568
537324
475205
625338
305402
70441
485930
973181
950804
647043
796694
401902
265855
235510
869543
273769
10721
724196
462320
201057
199598
727902
182
675385
671231
204241
87764
107714
51195
144848
391102
278802
224689
432505
337250
358013
446920
97223
843370
399027
884174
790772
965790
888566
742060
234825
942567
870326
26618
899459
907375
450378
621615
872931
375267
221453
864177
122963
31194
786259
282571
857584
1935
27463
255549
388152
242314
181475
877996
558737
420958
661450
432698
387764
539211
801413
648752
497396
219715
686872
630552
631279
367050
64192
489384
973008
258678
85132
372312
815102
984790
390677
3925
472100
206191
448604
534414
440990
897378
146238
783595
420989
905961
704406
291037
353271
768832
157295
616208
973550
415648
762148
980030
891355
276966
7831
773213
672599
486419
937226
74104
187718
556845
265821
690076
599648
181826
408356
456232
416221
48076
831140
395080
17148
905264
311915
662907
106929
230241
982729
749263
22825
568161
447470
704303
938043
909864
545633
497171
406444
423133
361179
661
400735
815873
360830
504420
336535
705003
249269
536657
759467
163310
401129
196423
954181
98134
495324
633240
62358
519505
80230
355698
590362
372011
713610
203376
813443
744178
452917
291276
322885
394808
813202
997491
368509
408887
754636
74673
738622
690703
398945
578123
974394
603114
765152
388652
295562
769856
7359
300279
416090
712054
555675
335611
25972
976226
787532
731076
284391
383018
362468
7438
805140
726090
220357
540373
333524
83763
976924
735112
325769
453265
571902
843740
760704
240549
674077
92732
402176
402641
430438
383645
199666
933043
77435
195632
647468
594280
933128
931697
387420
896178
209412
493789
521677
869300
350854
989312
770393
455642
670145
329964
685100
330581
659294
653765
176048
697668
336949
65402
114714
163758
326375
821262
180113
173484
667610
109652
397622
577764
241682
513529
450324
934576
777897
236539
558181
170780
371371
898488
812927
112014
465232
966945
71514
544577
146454
408141
47358
2793
460923
833322
496141
450939
993044
613326
638058
799621
257741
735212
212677
466424
402814
55841
554181
235014
411557
872814
307536
663526
529414
411457
625978
641717
231068
331948
525255
876278
349114
129719
373407
410938
874947
307472
915661
400411
315138
720545
314355
275362
5543
461946
517198
403592
34207
272877
86434
159002
760399
342073
277890
78901
767980
581534
202238
871793
603065
339408
633897
158939
661086
498950
558533
482010
60770
685041
339918
288690
640133
725770
881504
61607
49085
30148
881413
429881
991819
607521
767135
974734
207800
522977
626030
884654
752689
777428
5695
930152
336444
572753
98802
69393
489814
794815
23142
452972
816747
27792
834883
609573
813745
517198
969123
728632
701858
999629
870301
789423
304276
151169
602736
75016
948406
123304
190601
476596
380265
144871
301681
294076
938617
347955
174934
672063
366902
294502
227125
933206
116403
29810
758624
463128
789658
833073
845041
310777
183402
621402
538827
630733
440591
344208
574665
69163
33565
342740
185223
912940
797608
571739
137353
951955
93570
665275
849739
261190
230162
742847
4645
664891
845069
396313
230171
907310
202516
148087
68671
776078
529194
559662
569859
523896
816528
133523
26527
359898
165759
886825
522267
900410
222338
127412
41466
1807
914413
784108
666435
537485
651709
149709
377261
384574
698574
59019
871014
46732
744115
617507
218240
254555
715958
951181
607288
601299
117932
910606
818789
881659
624115
721065
149370
159489
470154
136437
407287
591958
987918
653322
678834
566646
80973
173461
678398
520837
796489
904459
44725
240661
404747
748538
270184
479556
482592
478523
231839
383874
862709
775876
763855
552817
644554
823386
532951
623205
218262
210083
13046
200394
730872
30106
756238
39589
288468
381467
58061
58547
71890
822494
179902
113581
968687
580352
437931
373293
752062
617149
99372
747243
747071
165371
344977
791200
94554
964159
801639
596811
328441
814082
389035
60049
54783
807134
601609
249151
889896
63971
429711
402732
957438
849543
944051
783098
956597
787577
695549
910843
847012
379990
754578
122415
230432
869045
133791
161771
151607
582685
324126
103830
618758
892374
740488
249806
793335
740828
701591
499304
201819
859568
699255
631059
135392
115658
468104
857693
273007
96233
760786
128336
691877
464842
574470
738293
486315
215223
458989
734776
178164
240310
77744
807467
80466
510691
102658
669797
438198
191704
309934
681795
850626
646664
534328
909454
263821
239147
487283
619133
784370
655827
213919
278801
972245
670302
452668
229534
944756
424644
904431
994282
600293
555536
967824
20270
576241
490732
633422
845945
284749
396628
558976
252596
72817
984877
252169
329024
283096
270319
532582
876604
733010
371068
141399
910178
666249
714517
482663
220817
847886
352674
992986
489893
531871
813870
356019
838210
983608
162294
301599
553392
722642
687766
539137
408480
154108
436900
927643
840717
920597
435608
38613
299838
918116
993512
915309
796648
565908
35059
545404
694704
847951
80979
634401
522509
402485
510613
604812
944780
787001
491525
483881
236461
387224
243426
859302
597995
847287
22064
70819
545881
168153
849069
887606
96936
228986
303643
915863
439301
105098
762684
314095
466719
553097
381020
373368
540550
781819
117448
765584
892335
115017
490652
473824
312916
201076
334650
404131
912440
255926
903191
844822
731720
728759
253167
615035
851037
592488
503833
36873
518238
791936
807029
97907
444035
697361
379841
368915
86580
756806
232907
380979
118863
840763
323969
579320
242057
596537
554660
474156
65964
533325
852315
212966
164542
370627
596132
789784
701698
109252
701733
454389
586968
398729
18081
233725
376895
225723
810246
43174
68859
505257
891234
816360
991058
963877
244342
419558
477104
595644
60387
57396
419178
432847
753473
299145
644255
479442
24143
670402
554299
185825
120900
825488
77973
723642
590404
735040
426360
487003
332462
723110
387071
840505
934994
254629
968345
604698
389504
6684
665069
169168
829563
98224
559191
935122
596941
226546
365711
354424
422644
617645
863083
888275
852794
652111
903419
175334
477730
5233
839250
923589
440190
722693
497444
50633
415262
834587
924043
410925
696291
896144
312676
969417
348145
250579
406806
595816
896066
947605
926834
153544
823448
586893
180598
128237
466827
140453
236204
282146
919488
808004
824944
221837
503546
934393
430158
257774
55562
191041
489353
380212
707362
56309
85305
244028
345992
373715
880140
323111
562854
643495
274413
327830
197437
122133
927937
266628
998266
258118
180494
769537
272033
302189
506678
122823
330982
57333
419106
843067
325147
883721
587194
160641
626690
68415
637392
672572
610052
734305
118108
653729
853307
892826
231266
926839
792938
717242
996784
484397
859596
90598
811907
365847
690185
366431
754569
562951
384453
138541
860034
587908
477907
678887
570624
897962
169416
751458
43149
449565
584169
81908
194923
327851
608006
409892
961078
556734
826976
678832
892390
21882
162437
140793
336113
209017
629821
439183
380557
540320
578973
234517
233875
364510
266040
523537
805823
397185
111413
313618
824148
159476
209916
528894
427164
715417
627850
806839
14605
660479
656805
650730
322824
701568
479273
346100
518970
47034
429696
132208
345893
827304
120944
98465
162233
510044
586638
699321
670364
347291
280400
379588
511817
414485
521344
591156
720916
835647
894093
736073
346252
934287
369724
247581
812793
319443
401275
940425
169668
973935
518102
424823
846902
310769
28995
307974
787801
717394
352087
891091
832506
474764
664987
479019
839504
480466
546170
164105
478775
515377
309073
893069
879317
164289
271401
29948
280093
934215
634049
582830
124338
508587
633347
631640
217059
342032
177241
869302
90709
93141
711641
49621
880382
113064
383516
992634
920397
469506
313708
175795
481512
722371
928411
850360
525261
3242
406961
235708
87578
312560
856765
461910
988328
692674
381644
918343
1681
67290
406584
491047
948050
412025
78551
718001
395724
864451
901653
461351
87717
4278
267356
142627
362315
455688
615791
333692
267993
429085
398806
558609
57746
952098
668276
535989
575177
466057
194356
492855
685411
800481
838306
170892
260149
760656
442966
21403
795719
997872
77066
32933
818874
514372
332877
820432
219205
425494
123793
394767
800283
365550
833566
879343
544617
678641
714857
167295
104251
159443
622656
57117
494206
409338
190300
386329
852704
90289
39449
218633
554004
70021
871105
591785
125681
102592
227716
405292
42042
773567
826244
960739
61688
697202
482125
494729
919172
821168
453986
604521
931553
297141
515186
319788
562693
776569
615722
827395
347576
675181
300260
400685
836950
733396
51068
91685
642991
912380
589635
764332
924877
968793
131341
84078
844949
864764
36069
815763
13958
26485
583393
761253
719071
320898
533136
187801
561565
